tensor([[ 1.8563e-01, -5.2467e-01,  7.2936e-02, -1.0661e-01, -1.9800e-02,
         -4.6121e-02, -2.7381e+00, -5.1723e-01,  3.0705e-01,  5.0747e-01,
         -3.3504e-02, -3.2028e-01,  1.4497e-01, -6.6852e-02,  1.5805e-01,
          2.9565e-02,  1.3243e-01, -5.1431e-02, -1.5772e-01, -1.8473e+00,
         -4.9780e-01,  1.5135e-02, -4.9751e-02,  2.4221e-02,  6.2925e-02,
         -2.2582e-02,  6.9097e-02,  1.2283e-01, -2.0078e-01, -1.3541e-01,
         -7.9137e-02, -5.3261e-02, -1.7271e+00,  4.0488e-02,  7.9783e-01,
         -7.9529e-01,  9.1169e-02,  3.1031e-01],
        [ 1.8096e-02,  5.0173e-01, -1.3659e-01,  1.1938e-01,  1.6241e-02,
         -9.0325e-03,  1.3595e-01, -3.9106e-02, -8.8238e-02, -1.5560e-02,
         -1.4558e-01,  1.2529e-02, -1.1514e-02, -1.3899e-01,  5.6952e-01,
          3.7708e-02, -5.4630e-03,  7.2453e-02, -5.5785e-02, -2.9957e-01,
         -7.0965e-01,  6.8873e-02,  1.6394e-01, -2.9120e-02,  1.9152e-01,
          1.0084e-01,  1.3423e-01,  5.2226e-01, -1.8007e-01,  1.2789e-02,
          9.8869e-02, -5.5267e-02, -6.2744e-01,  1.2058e+00, -2.2068e-01,
         -1.4033e-01,  5.0363e-01, -3.7515e-01],
        [ 7.5421e-02,  1.5013e-02,  1.1703e-01,  1.0485e-01,  4.7203e-02,
          1.6152e-01, -1.2161e+00, -1.5488e+00,  1.4859e-01, -7.1911e-02,
          1.2513e-01, -1.8310e-01, -1.5190e-02,  8.3248e-02, -1.4868e-02,
          7.6195e-02,  1.1798e-01,  2.5817e-02, -4.4036e-02, -4.5702e-01,
         -2.4177e+00,  2.4834e-02,  2.1194e-01,  4.4315e-01, -5.0384e-02,
         -9.8952e-03,  3.3867e-03,  1.2643e-01,  1.3933e-02,  1.5559e-01,
         -1.1761e-01, -5.5742e-02, -6.3784e-01, -2.0480e+00, -5.3193e-01,
         -3.9655e-01, -2.6546e-01,  1.8666e-01],
        [-1.9178e-02, -4.7619e-01, -1.5369e-01,  4.9615e-02, -1.3971e-01,
          8.7548e-02, -6.2374e-01,  4.3719e-02,  2.2155e-01,  8.0229e-02,
         -2.2786e-01,  1.5161e-01,  5.2775e-02,  7.2349e-02, -4.4019e-01,
         -5.6878e-02,  5.9155e-02,  9.4622e-02, -1.3106e-01,  1.1267e+00,
          7.3046e-01, -2.2751e-01, -3.1361e-01,  4.4127e-02, -9.7768e-02,
         -1.5288e-01, -2.9487e-02, -3.7450e-01, -2.2770e-01,  1.5788e-02,
         -3.8543e-02, -9.1001e-02,  2.7434e-01,  6.2793e-01, -8.0906e-01,
         -5.5151e-02, -1.1293e-01,  6.0422e-01],
        [ 1.5391e-01, -4.2153e-01, -1.4536e-01,  1.5353e-01,  1.4178e-01,
          1.1471e-01,  1.6378e+00, -2.8507e+00,  1.0998e-01,  6.9941e-01,
         -3.8304e-01, -7.8951e-02,  1.4230e-01,  1.2614e-01, -2.1216e-01,
         -1.6122e-01, -8.1226e-02,  1.2114e-01, -1.2700e-01, -7.6167e-01,
          5.4457e-01, -3.2159e-01,  4.1526e-01, -5.5045e-01, -1.9318e-01,
         -9.7523e-02,  4.8254e-01, -6.8401e-02,  5.3767e-02, -3.9703e-02,
         -1.3695e-01, -1.3799e-01,  2.6427e-01, -1.8567e-01, -2.9311e-02,
         -3.3241e-02,  2.8315e-01,  3.1189e-01],
        [ 1.7305e-01,  7.4690e-02, -1.4656e-01,  9.5068e-02,  3.4813e-02,
          7.8030e-02, -6.2517e-02,  5.6967e-01,  6.4374e-02,  1.0093e-01,
         -1.9858e-01, -1.2488e-02,  1.6058e-01,  1.1587e-01,  3.3758e-01,
         -1.3129e-01, -4.9877e-02, -6.7377e-02, -1.4767e-01, -2.6743e-01,
          8.6251e-01,  6.7301e-02, -9.4871e-02,  1.7900e-01, -7.7547e-02,
          1.2633e-01,  3.3424e-02,  1.7626e-01, -1.2020e-01,  3.7823e-03,
          1.5547e-01, -1.3071e-01, -8.1023e-02,  5.3864e-01,  1.3210e-02,
         -2.0224e-02,  1.8393e-01,  2.3467e-01],
        [ 1.3829e-01, -2.9254e-01, -1.3397e-01,  1.3034e-01, -2.7255e-03,
         -9.5300e-02,  1.2850e+00,  6.3875e-01,  1.5875e-01, -1.5762e-01,
          3.4458e-01, -5.9788e-02, -8.7528e-02, -2.7063e-04, -2.8002e-01,
         -2.6922e-02, -6.3558e-02,  8.2226e-02,  7.2271e-02,  9.7459e-01,
         -5.0875e-01,  6.7078e-01,  4.0605e-02,  6.9335e-02,  9.9898e-02,
         -1.2241e-02, -6.8177e-02, -3.2354e-01,  6.3176e-02,  1.4421e-01,
          5.6932e-02,  5.4159e-02,  1.1521e+00, -5.5996e-01, -4.4204e-01,
          8.0506e-01,  3.4106e-01, -2.4817e-01],
        [ 1.4204e-01,  1.6153e-01, -4.1812e-03,  3.2100e-04, -1.5394e-01,
          4.3359e-02,  4.6707e-01, -9.7327e-01, -1.9142e-01,  1.1455e-02,
         -1.1995e-01,  1.7966e-01, -1.7835e-02,  4.6375e-01, -6.1542e-02,
         -3.6134e-02,  7.3508e-02, -8.7903e-02, -1.0187e-01,  1.0941e+00,
         -5.4793e-01,  1.7389e-01,  1.8188e-01, -3.8510e-01, -2.5521e-02,
         -8.8529e-02,  3.7869e-01,  2.2091e-02, -1.7385e-02,  3.5456e-02,
         -1.5341e-02, -7.6749e-02,  1.3024e+00,  4.7195e-01,  6.7305e-01,
          2.5163e-02, -2.0532e-01, -7.3715e-02],
        [ 3.2570e-01,  5.0247e-02, -1.5419e-01,  7.6078e-02,  1.5503e-01,
         -5.5508e-02, -8.8188e-01, -3.9900e-01,  1.2400e-01, -1.1503e-01,
         -5.6100e-02,  5.5408e-02,  7.4928e-02,  1.1940e-01,  1.5493e-01,
          1.6905e-01,  3.6377e-02,  1.5867e-01,  4.3604e-02,  4.1433e-01,
          4.9345e-01,  5.3208e-01, -1.1664e-01, -2.1410e-01, -1.0709e-01,
          6.2138e-03,  8.5820e-03,  3.1844e-01, -2.1893e-02,  1.8612e-02,
         -9.5029e-02, -1.1426e-01, -2.0817e-01, -9.4602e-01, -4.7187e-01,
          1.6913e-01,  3.2733e-01,  1.1139e-02],
        [ 1.5220e-01, -5.9475e-02,  1.7260e-02,  1.1075e-01,  1.6003e-01,
         -7.0894e-02,  2.9250e-01, -3.1127e-01, -1.1985e-01,  1.3922e-02,
          5.6540e-02,  2.1760e-02, -6.2949e-03, -1.0115e-01,  2.3202e-01,
          1.6518e-01,  2.4794e-02,  1.6167e-03, -1.1642e-01,  5.5423e-01,
         -4.8730e-01, -1.2662e-01, -1.6179e-01, -1.5771e-02, -1.4420e-01,
          1.3781e-01,  1.4077e-01,  1.1504e-01, -3.9090e-02, -8.1097e-02,
         -8.6670e-02, -1.4698e-01,  1.7616e-01, -2.4604e-01,  2.3080e-01,
         -2.6190e-01,  1.2261e-01, -5.0361e-02],
        [-4.2900e-01, -1.1571e-02,  5.7987e-02, -1.3835e-01, -3.4681e-02,
          2.8675e-03, -1.0991e+00,  1.1796e+00, -2.6639e-01, -2.1430e-01,
         -4.9601e-01,  9.4881e-02,  1.1725e-02,  1.2851e-02, -2.1494e-01,
         -1.5493e-01,  1.1431e-01,  4.1105e-02,  1.2884e-01,  6.2692e-01,
          3.8080e-01, -1.4168e-01,  1.6999e-02,  3.3032e-01, -2.3479e-01,
          5.5878e-02, -6.7445e-02, -3.6239e-01, -8.3495e-02,  4.5725e-02,
         -1.2116e-01, -1.0845e-01, -3.1963e-01,  7.6445e-01, -5.2045e-01,
         -2.6193e-01, -1.9492e-02,  1.0459e-01],
        [-1.3545e-01, -1.3424e-01,  3.9907e-02, -2.8338e-02, -1.2552e-01,
          1.0350e-01, -1.0258e+00,  1.1446e+00,  1.1282e-01, -4.1818e-01,
         -1.9341e-01,  1.1222e-02,  1.0835e-01,  3.0444e-01,  3.7649e-01,
         -5.9214e-02,  1.3078e-01,  9.5680e-02, -1.3298e-01, -1.9055e-01,
          9.1231e-01, -1.9101e-01,  5.1732e-01, -1.1883e-01,  1.7408e-01,
          8.8103e-02,  1.0693e-01, -6.4684e-03,  6.2455e-02,  6.7099e-02,
         -1.7802e-02,  3.5686e-03, -2.1928e+00,  5.1405e-01, -8.7649e-02,
         -1.5623e-02, -2.3935e-01, -2.3820e-01],
        [-1.4997e-01,  5.4912e-01, -3.6841e-02, -1.6197e-01, -2.4900e-02,
         -1.4793e-02, -3.2955e+00, -1.0994e+00,  1.1511e-01,  1.9775e-02,
          1.3892e-01,  1.5588e-01, -1.1067e-02, -3.0256e-01,  7.3906e-01,
         -1.3190e-01,  1.4715e-01,  6.9118e-03,  3.3605e-02, -2.6350e+00,
         -4.1155e+00, -3.8853e-02,  1.0945e+00,  6.6767e-01, -4.3384e-02,
          4.2172e-02, -5.2631e-01,  8.7571e-01,  4.5745e-02, -1.2852e-02,
          1.7099e-02, -1.2957e-01, -3.0605e+00, -1.8728e+00,  2.4643e+00,
         -9.7789e-01,  8.7070e-01, -3.9678e-01],
        [-8.8849e-03, -2.8686e-01, -1.2902e-01, -1.1455e-01, -1.4820e-01,
         -9.1290e-02,  3.5888e-01,  6.2770e-01, -7.9499e-02, -1.7753e-01,
          1.4275e-01,  2.5022e-01,  1.3786e-01,  1.0164e-01,  6.3554e-02,
          6.3758e-02,  7.0793e-02,  7.8765e-02,  5.5145e-02, -7.1635e-01,
          9.6108e-02, -9.0937e-02, -3.8953e-02, -8.0462e-02, -5.3214e-03,
         -6.4944e-02,  3.4409e-01, -2.5681e-01,  1.3343e-01, -4.4330e-04,
         -4.7397e-02,  1.0626e-01, -8.5788e-01,  4.7089e-01,  2.0890e-01,
          1.9041e-01,  1.6013e-01, -5.4146e-01],
        [ 5.6252e-01,  8.2708e-01, -1.0275e-02,  1.0320e-01, -1.1277e-02,
          4.5891e-03,  3.0115e+00, -1.5986e+00, -2.3403e-01, -1.1675e-01,
         -6.8557e-02,  4.9039e-01, -1.4947e-01,  1.3587e-01,  8.2326e-01,
         -8.8481e-02, -2.3044e-02,  3.0376e-02,  4.4030e-02,  2.1883e+00,
         -1.7072e+00,  5.0756e-01,  3.1624e-01,  5.0829e-01,  2.4477e-01,
          1.8924e-02,  3.2519e-01,  1.0770e+00, -3.8666e-04,  3.3100e-02,
          1.1641e-01,  9.9476e-02,  2.8824e+00, -1.6354e+00,  1.9748e-01,
         -1.0230e+00, -1.2100e-01, -8.6082e-01],
        [ 3.0069e-01,  3.2119e-02,  1.5934e-01,  1.2896e-01,  3.0165e-02,
          1.3384e-01,  1.1246e-01,  1.2183e-01, -6.5961e-02, -1.0296e-02,
         -3.7810e-03,  1.9334e-01,  1.5229e-01,  9.5430e-03,  6.2305e-01,
         -9.4996e-02, -1.3747e-01, -1.2960e-01, -1.3899e-01, -5.3502e-01,
          1.4303e+00, -2.2088e-03,  1.0597e-01, -1.6264e-04,  9.5677e-02,
         -6.9479e-02,  2.0720e-01,  5.3911e-01,  1.0788e-01,  2.9529e-02,
          1.5602e-01,  6.8128e-03, -4.7080e-01,  8.0813e-01,  9.3792e-02,
          2.3625e-02, -1.5367e-01, -2.0406e-02],
        [ 1.9275e-01, -2.3412e-01,  1.6098e-01, -9.9801e-02, -1.6198e-01,
          4.4792e-03, -4.9368e-01, -1.2958e+00,  3.2558e-02, -3.8301e-02,
          1.6819e-01, -5.7962e-02,  1.5146e-02, -3.5964e-01, -4.3823e-01,
          2.4467e-02,  5.5919e-02,  9.5044e-02,  1.2729e-02, -3.1123e-01,
         -3.1471e-01, -2.2222e-01, -3.6898e-02,  4.0582e-01, -9.6549e-02,
         -1.1874e-01, -1.1246e-01, -3.3152e-01, -7.6418e-02,  2.2448e-02,
         -2.6516e-02,  9.5290e-02,  5.5112e-01,  6.4691e-03,  2.4339e-01,
          5.3030e-01, -3.0462e-01, -6.2574e-02],
        [-2.2815e-02, -1.0619e-02, -2.0790e-02,  1.2056e-01,  1.1828e-01,
          6.2415e-02, -3.8771e-01,  5.6408e-01,  1.5462e-01, -3.4016e-01,
          5.5916e-02, -7.1847e-02, -8.2757e-03, -5.4417e-02,  1.0533e-01,
         -1.2137e-01, -1.0070e-01, -8.8229e-02, -2.7793e-02, -1.1897e+00,
         -2.6832e-01, -7.0953e-02,  1.3428e-02, -1.0840e-01, -1.8001e-01,
         -4.3597e-03, -3.5310e-01,  2.7381e-02, -1.5508e-01, -3.0916e-02,
          1.4972e-01,  8.4834e-03, -8.6913e-01, -9.7942e-01, -2.5624e-01,
          1.0361e-01, -2.3359e-01,  2.8715e-02],
        [-5.1452e-02,  5.5467e-02, -1.5634e-01, -8.9748e-02,  9.3350e-02,
         -4.8349e-02, -1.6215e+00, -1.4304e-01,  1.2366e-01, -3.2386e-01,
         -4.1206e-01,  1.9694e-01,  1.2733e-02,  8.9357e-02,  5.9471e-01,
         -6.1751e-02, -1.8802e-02,  3.1792e-02,  7.3265e-02, -6.5372e-01,
          1.9049e+00,  9.7740e-02,  1.8845e-01, -1.9078e-01, -1.7468e-01,
          4.6816e-03, -3.6717e-02,  6.9113e-01, -1.2060e-01, -1.0437e-01,
         -1.5406e-02, -2.8409e-02,  6.2887e-02,  5.8340e-01, -2.3774e-01,
          1.4994e-01,  9.1311e-02, -7.5520e-02],
        [ 1.7663e-01, -1.4358e-01, -3.1130e-02, -2.5837e-02, -1.0422e-01,
         -1.8906e-02,  4.2904e-01,  1.0554e+00, -2.2489e-01,  2.7804e-02,
         -1.4243e-01,  1.2971e-01, -2.7513e-02, -2.0028e-01,  1.9288e-01,
          2.5805e-02,  1.0320e-03,  1.1591e-01,  1.3471e-01, -2.4744e-01,
          6.0403e-01,  1.4874e-01,  1.1713e-01,  1.2589e-01,  9.3967e-02,
         -9.2029e-02, -5.5000e-02, -1.5631e-01,  1.3938e-01,  1.8227e-02,
          1.7697e-02, -1.8854e-02,  1.5343e-01, -1.3324e-01, -1.8390e-02,
          1.3651e-01,  1.0589e-01,  1.6165e-01],
        [-3.3428e-01,  3.9619e-02,  1.2096e-01,  3.9240e-02,  4.1119e-02,
         -3.4964e-02, -9.4365e-02, -5.8331e-01, -4.1816e-01,  2.2255e-01,
          2.7772e-01,  3.4777e-01,  1.0515e-01, -9.7264e-03,  2.1242e-03,
          1.0709e-01, -3.6518e-02,  1.4997e-01, -7.4139e-02,  9.8359e-01,
         -1.7733e+00, -1.3725e-01,  2.4157e-01, -4.2428e-01, -1.4082e-01,
          1.3220e-01,  1.8409e-02,  4.5439e-01, -1.7472e-01,  3.3016e-02,
         -1.4633e-01, -1.0673e-01, -2.2102e-03,  1.0711e-02,  7.1017e-02,
         -6.3373e-02, -8.6162e-03, -1.5784e-01],
        [-1.7810e-01,  6.7488e-01,  3.4487e-02,  9.9443e-02,  2.5058e-02,
         -9.6794e-02,  1.0297e+00, -8.7639e-01,  1.2952e-01, -3.6139e-02,
         -8.7290e-02, -5.0324e-02, -8.5134e-02,  9.4899e-02,  6.8741e-01,
         -5.6711e-02, -2.5718e-02,  4.5502e-04, -1.1505e-01, -1.0115e-01,
          1.0195e+00,  5.7468e-02,  1.4389e-01,  9.1805e-02,  2.6027e-01,
          2.6694e-02, -1.0633e-01,  6.9678e-01,  1.5674e-02, -2.2340e-02,
         -1.4423e-01, -5.3489e-02,  9.6177e-02, -3.8417e-01,  1.6608e-01,
         -4.6895e-01, -4.3304e-01, -6.7660e-01],
        [ 7.9258e-03, -1.3450e-01,  1.0082e-01,  1.1251e-01, -1.3438e-01,
         -9.6066e-02,  2.5856e-01, -1.0303e+00,  1.0033e-01, -1.0709e-01,
         -2.5931e-01,  2.9458e-01, -1.6191e-01,  1.7643e-01,  3.3960e-01,
         -2.1512e-02,  7.8932e-03,  1.2395e-01, -7.1363e-02, -7.3849e-01,
         -1.6716e+00,  1.0608e-01, -3.8220e-01, -7.0580e-02, -1.6995e-01,
         -8.6205e-02,  9.3951e-02,  2.5530e-01,  1.0535e-01, -6.0752e-03,
          8.2988e-02,  2.2879e-03, -2.3224e-01,  2.3351e-01,  1.3846e-01,
          8.0236e-02, -2.5841e-02,  5.3725e-02]])tensor([-0.0274,  0.0739,  0.0278, -0.0308, -0.0132,  0.0919,  0.0974, -0.0626,
         0.0095, -0.1012,  0.0145,  0.0218, -0.0561,  0.1268,  0.1311,  0.0069,
         0.1049,  0.1066, -0.0559, -0.1523, -0.0768,  0.0688,  0.1536])tensor([[ 2.0066e-02,  1.0376e-01, -2.5401e-01,  1.0492e-01,  1.7584e-01,
          1.1518e-01,  9.3255e-02,  2.5216e-01,  3.9693e-02, -2.3502e-01,
          1.0422e-03, -8.6510e-02, -9.0529e-02,  2.0422e-01, -2.1243e-03,
          1.0674e-02,  1.7430e-01, -8.6309e-03, -4.5016e-03, -2.2207e-02,
          8.5293e-02, -4.0080e-02, -4.6579e-02],
        [-1.4365e-01, -1.1895e-01,  1.9240e-02,  7.3987e-02,  1.4035e-01,
          4.6994e-02,  3.0554e-02, -1.1511e-02, -4.7171e-02, -1.6241e-01,
          1.0149e-01, -1.8252e-02,  1.6510e-01, -6.5176e-02,  7.9826e-02,
         -2.1533e-02,  4.7875e-02, -2.3749e-01, -4.2653e-02, -4.6927e-02,
          1.0630e-01, -1.9779e-01, -8.3769e-02],
        [-2.3493e-02, -1.6727e-04, -2.2118e-02, -2.5974e-02, -3.1583e-02,
          1.8002e-02, -1.5211e-02, -1.6280e-02,  1.1196e-02,  8.0196e-03,
          5.9091e-03,  1.5903e-02,  7.5013e-03,  2.1275e-02, -1.3746e-02,
          1.9629e-02, -3.5916e-02,  2.4698e-02, -3.5236e-02, -4.7849e-02,
         -3.8196e-02, -1.9162e-02,  5.5129e-03],
        [-2.9160e-02, -2.5807e-03, -1.2303e-02, -4.8341e-02,  4.1920e-02,
          1.8273e-02,  1.1402e-02, -1.8398e-02,  3.2401e-02, -9.2321e-03,
          2.3279e-02,  3.9350e-03,  1.6699e-02, -2.7276e-02, -1.9349e-02,
         -2.0062e-02, -3.3925e-03,  2.6124e-02,  5.2473e-03, -3.1526e-02,
         -3.6165e-02,  7.1278e-03,  9.5447e-04],
        [-4.1015e-05,  9.4241e-03, -1.6913e-02,  1.9668e-02, -2.5443e-02,
         -1.6171e-02,  1.4197e-02, -1.1465e-02, -1.3542e-03, -1.3295e-02,
         -1.4859e-02,  1.2208e-02,  8.3320e-03,  7.9710e-03, -3.0913e-03,
         -8.1802e-03, -2.4231e-02,  6.3400e-04,  1.5548e-03, -3.0440e-02,
         -2.5254e-02,  4.2163e-04,  6.7438e-03],
        [ 1.0744e-01, -6.4222e-03, -1.1754e-01, -9.4561e-03,  1.1512e-01,
          6.4116e-02, -2.4100e-02, -2.0697e-02,  2.5474e-02, -8.5841e-02,
         -6.9012e-03, -1.4691e-02,  5.0317e-02,  3.4165e-02, -2.6795e-02,
          2.1676e-02,  3.1444e-02, -3.7581e-02,  2.9163e-02, -1.5050e-02,
          2.9837e-02,  7.7626e-02,  8.9954e-03],
        [ 1.5785e-01,  7.7800e-03, -3.5706e-01,  1.1672e-01,  3.7015e-03,
          3.2267e-01, -1.4773e-01,  5.1829e-02,  5.6595e-02,  2.1844e-01,
         -1.1050e-01, -1.2307e-01, -2.0492e-01,  4.9404e-02, -8.1354e-02,
         -2.2588e-01, -4.8789e-03,  1.4153e-01,  1.7036e-01, -1.6526e-01,
         -3.4975e-01,  9.5815e-02,  3.8346e-01],
        [ 3.0483e-01,  5.4308e-02, -2.2954e-01, -2.2183e-01,  1.8034e-01,
          1.1203e-01, -1.1250e-01, -1.3692e-01, -1.4790e-02, -2.7045e-01,
         -8.5805e-02, -1.3089e-01,  3.7606e-02,  2.1553e-01, -1.0316e-01,
         -1.6792e-02,  7.3220e-02, -2.7538e-01, -6.5805e-02,  1.1353e-01,
          5.1993e-02, -5.1252e-02, -2.7787e-01]])tensor([ 0.5155, -0.1992,  0.0592,  0.0646,  0.0360, -0.0121, -0.7034, -0.2704])